ref_line = [						
% 8.13052, 8.24023, 8.34994, 8.45965, 8.56936, 8.67907, 8.78878, 8.89849, 9.0082, 9.11791, 9.22762, 9.33733, 9.44704, 9.55675, 9.66646, 9.77617, 9.88588, 9.99559, 10.1053, 10.215, 10.3247, 10.4344, 10.5441, 10.6539, 10.7636, 10.8733, 10.983, 11.0927, 11.2024, 11.3121, 11.4218, 11.5315, 11.6412, 11.751, 11.8607, 11.9704, 12.0801, 12.1898, 12.2995, 12.4092, 12.5189, 12.6286, 12.7383, 12.848, 12.9578, 13.0675, 13.1772, 13.2869, 13.3966, 13.5063, 13.616, 13.7257, 13.8354, 13.9451, 14.0549, 14.1646, 14.2743, 14.384, 14.4937, 14.6034, 14.7131, 14.8228, 14.9325, 15.0422, 15.152, 15.2617, 15.3714, 15.4811, 15.5908, 15.7005, 15.8102, 15.9199, 16.0296, 16.1393, 16.2491, 16.3588, 16.4685, 16.5782, 16.6879, 16.7976, 16.9073, 17.017, 17.1267, 17.2364, 17.3462, 17.4559, 17.5656, 17.6753, 17.785, 17.8947, 18.0044, 18.1141, 18.2238, 18.3335, 18.4433, 18.553, 18.6627, 18.7724, 18.8821, 18.9918, 18.9918, 19.0085, 19.0252, 19.042, 19.0587, 19.0754, 19.0921, 19.1088, 19.1256, 19.1423, 19.159, 19.1757, 19.1924, 19.2092, 19.2259, 19.2426, 19.2593, 19.276, 19.2928, 19.3095, 19.3262, 19.3429, 19.3596, 19.3764, 19.3931, 19.4098, 19.4265, 19.4432, 19.46, 19.4767, 19.4934, 19.5101, 19.5268, 19.5436, 19.5603, 19.577, 19.5937, 19.6104, 19.6272, 19.6439, 19.6606, 19.6773, 19.694, 19.7108, 19.7275, 19.7442, 19.7609, 19.7776, 19.7944, 19.8111, 19.8278, 19.8445, 19.8612, 19.878, 19.8947, 19.9114, 19.9281, 19.9448, 19.9616, 19.9783, 19.995, 20.0117, 20.0284, 20.0451, 20.0619, 20.0786, 20.0953, 20.112, 20.1287, 20.1455, 20.1622, 20.1789, 20.1956, 20.2123, 20.2291, 20.2458, 20.2625, 20.2792, 20.2959, 20.3127, 20.3294, 20.3461, 20.3628, 20.3795, 20.3963, 20.413, 20.4297, 20.4464, 20.4631, 20.4799, 20.4966, 20.5133, 20.53, 20.5467, 20.5635, 20.5802, 20.5969, 20.6136, 20.6303, 20.6471, 20.6471, 20.7146, 20.7821, 20.8496, 20.9171, 20.9846, 21.0521, 21.1196, 21.1871, 21.2546, 21.3221, 21.3896, 21.4572, 21.5247, 21.5922, 21.6597, 21.7272, 21.7947, 21.8622, 21.9297, 21.9972, 22.0647, 22.1322, 22.1997, 22.2673, 22.3348, 22.4023, 22.4698, 22.5373, 22.6048, 22.6723, 22.7398, 22.8073, 22.8748, 22.9423, 23.0098, 23.0773, 23.1449, 23.2124, 23.2799, 23.3474, 23.4149, 23.4824, 23.5499, 23.6174, 23.6849, 23.7524, 23.8199, 23.8874, 23.9549, 24.0225, 24.09, 24.1575, 24.225, 24.2925, 24.36, 24.4275, 24.495, 24.5625, 24.63, 24.6975, 24.765, 24.8326, 24.9001, 24.9676, 25.0351, 25.1026, 25.1701, 25.2376, 25.3051, 25.3726, 25.4401, 25.5076, 25.5751, 25.6426, 25.7102, 25.7777, 25.8452, 25.9127, 25.9802, 26.0477, 26.1152, 26.1827, 26.2502, 26.3177, 26.3852, 26.4527, 26.5203, 26.5878, 26.6553, 26.7228, 26.7903, 26.8578, 26.9253, 26.9928, 27.0603, 27.1278, 27.1953, 27.2628, 27.3303, 27.3303, 27.3469, 27.3634, 27.3799, 27.3965, 27.413, 27.4295, 27.4461, 27.4626, 27.4791, 27.4957, 27.5122, 27.5287, 27.5453, 27.5618, 27.5783, 27.5949, 27.6114, 27.6279, 27.6445, 27.661, 27.6775, 27.6941, 27.7106, 27.7271, 27.7437, 27.7602, 27.7767, 27.7933, 27.8098, 27.8263, 27.8429, 27.8594, 27.8759, 27.8925, 27.909, 27.9255, 27.9421, 27.9586, 27.9751, 27.9917, 28.0082, 28.0247, 28.0413, 28.0578, 28.0743, 28.0909, 28.1074, 28.1239, 28.1405, 28.157, 28.1735, 28.1901, 28.2066, 28.2231, 28.2397, 28.2562, 28.2727, 28.2893, 28.3058, 28.3223, 28.3389, 28.3554, 28.3719, 28.3885, 28.405, 28.4215, 28.4381, 28.4546, 28.4711, 28.4877, 28.5042, 28.5207, 28.5373, 28.5538, 28.5703, 28.5869, 28.6034, 28.6199, 28.6365, 28.653, 28.6695, 28.6861, 28.7026, 28.7191, 28.7357, 28.7522, 28.7687, 28.7853, 28.8018, 28.8183, 28.8349, 28.8514, 28.8679, 28.8845, 28.901, 28.9175, 28.9341, 28.9506, 28.9671, 28.9671, 29.0593, 29.1514, 29.2436, 29.3357, 29.4278, 29.52, 29.6121, 29.7043, 29.7964, 29.8885, 29.9807, 30.0728, 30.165, 30.2571, 30.3492, 30.4414, 30.5335, 30.6257, 30.7178, 30.8099, 30.9021, 30.9942, 31.0863, 31.1785, 31.2706, 31.3628, 31.4549, 31.547, 31.6392, 31.7313, 31.8235, 31.9156, 32.0077, 32.0999, 32.192, 32.2842, 32.3763, 32.4684, 32.5606, 32.6527, 32.7449, 32.837, 32.9291, 33.0213, 33.1134, 33.2055, 33.2977, 33.3898, 33.482, 33.5741, 33.6662, 33.7584, 33.8505, 33.9427, 34.0348, 34.1269, 34.2191, 34.3112, 34.4034, 34.4955, 34.5876, 34.6798, 34.7719, 34.8641, 34.9562, 35.0483, 35.1405, 35.2326, 35.3247, 35.4169, 35.509, 35.6012, 35.6933, 35.7854, 35.8776, 35.9697, 36.0619, 36.154, 36.2461, 36.3383, 36.4304, 36.5226, 36.6147, 36.7068, 36.799, 36.8911, 36.9833, 37.0754, 37.1675, 37.2597, 37.3518, 37.444, 37.5361, 37.6282, 37.7204, 37.8125, 37.9046, 37.9968, 38.0889; 
